-267
-265
-267
-266
-267
-267
-267
-267
-267
-268
-267
-268
-268
-269
-268
-268
-268
-267
-268
-268
-268
-267
-268
-268
-268
-267
-268
-267
-267
-267
-267
-268
-267
-268
-267
-267
-268
-268
-267
-268
-268
-268
-267
-267
-268
-268
-268
-268
-268
-268
-267
-268
-259
-240
-214
-198
-198
-198
-198
-199
-198
-198
-197
-196
-197
-199
-198
-197
-196
-196
-197
-196
-196
-196
-197
-186
-177
-177
-178
-176
-178
-178
-178
-177
-178
-177
-175
-166
-161
-163
-161
-161
-157
-158
-157
-157
-157
-157
-156
-156
-156
-148
-145
-145
-145
-145
-145
-145
-145
-145
-145
-145
-145
-145
-145
-145
-145
-145
-145
-145
-145
-145
-145
-145
-145
-145
-145
-144
-145
-144
-143
-136
-137
-137
-138
-137
-136
-137
-137
-137
-136
-137
-137
-137
-137
-136
-121
-101
-76
-50
-33
-27
-16
-3
16
16
13
15
16
16
16
15
16
16
16
15
17
16
16
16
17
17
16
16
17
17
15
16
17
18
19
19
18
19
19
18
18
19
19
19
19
19
18
19
20
20
19
19
20
20
20
20
20
20
20
20
20
19
21
21
21
20
21
21
20
21
20
21
20
21
20
19
20
21
21
19
21
21
21
20
21
21
20
21
21
21
21
21
21
21
21
21
21
21
21
21
21
21
21
21
21
21
21
21
21
21
22
21
21
22
21
21
22
21
21
22
22
22
21
21
22
21
22
22
22
22
21
22
22
22
22
22
22
22
22
22
22
22
22
22
22
22
22
22
22
22
22
23
22
22
22
22
22
22
22
22
22
22
23
22
22
23
22
22
22
22
22
23
23
23
22
23
23
23
23
23
22
22
22
23
22
23
22
23
23
23
23
23
23
23
22
23
23
23
22
23
23
22
22
22
22
22
22
22
22
23
22
22
23
22
22
22
22
22
23
23
23
22
23
23
23
23
23
22
22
22
23
22
23
22
23
23
23
23
23
23
23
22
23
23
23
22
23
23
22
22
22
22
22
22
22
23
22
22
23
22
22
22
22
22
23
23
23
22
23
23
23
23
23
22
22
22
23
22
23
22
23
23
23
23
23
23
23
22
23
23
23
22
23
23
22
22
22
22
22
22
22
23
22
22
23
22
22
22
22
22
23
23
23
22
23
23
23
23
23
22
22
22
23
22
23
22
23
23
23
23
23
23
23
22
23
23
23
22
23
23
22
22
22
22
22
22
22
23
22
22
23
22
22
22
22
22
23
23
23
22
23
23
23
23
23
22
22
22
23
22
23
22
23
23
23
23
23
23
23
22
23
23
23
22
23
23