-237
-237
-237
-237
-237
-238
-237
-237
-237
-237
-237
-237
-237
-238
-237
-237
-237
-237
-237
-237
-237
-237
-237
-237
-237
-237
-237
-237
-237
-231
-219
-208
-199
-186
-175
-164
-153
-142
-114
-84
-56
-28
-20
-22
-22
-22
-22
-22
-22
-22
-22
-22
-22
-22
-22
-22
-23
-22
-23
-23
-23
-22
-22
-23
-23
-23
-22
-23
-22
-23
-23
-22
-22
-23
-23
-23
-22
-23
-23
-23
-23
-22
-22
-23
-23
-22
-23
-23
-23
-23
-23
-23
-23
-22
-23
-23
-23
-23
-23
-23
-23
-23
-23
-23
-23
-23
-23
-23
-23
-23
-23
-23
-23
-22
-23
-23
-23
-23
-23
-23
-23
-23
-23
-23
-23
-23
-23
-23
-23
-23
-23
-23
-23
-23
-22
-23
-23
-23
-23
-23
-23
-23
-23
-23
-23
-23
-23
-23
-22
-23
-23
-23
-22
-23
-22
-23
-23
-22
-23
-23
-23
-22
-23
-23
-23
-22
-22
-22
-22
-23
-23
-23
-23
-23
-23
-23
-23
-23
-23
-23
-23
-22
-23
-23
-23
-23
-23
-23
-22
-23
-22
-23
-23
-23
-23
-23
-23
-23
-22
-23
-23
-22
-23
-23
-22
-23
-23
-23
-23
-23
-22
-23
-23
-23
-23
-23
-23
-23
-23
-23
-23
-23
-23
-23
-22
-23
-22
-23
-23
-23
-23
-22
-23
-23
-23
-23
-22
-23
-23
-23
-23
-22
-23
-23
-23
-23
-23
-23
-23
-23
-23
-23
-23
-23
-23
-23
-23
-23
-23
-23
-22
-22
-23
-22
-23
-23
-22
-23
-23
-23
-23
-23
-23
-23
-23
-23
-23
-23
-23
-23
-22
-23
-23
-22
-23
-23
-23
-23
-22
-23
-22
-23
-22
-23
-23
-23
-23
-23
-23
-23
-23
-23
-23
-23
-23
-23
-23
-23
-22
-22
-23
-22
-23
-22
-23
-23
-23
-23
-23
-23
-23
-22
-23
-23
