-190
-191
-191
-190
-187
-176
-167
-157
-147
-137
-126
-115
-104
-79
-52
-25
-5
-5
-5
-6
-6
-6
-6
-6
-6
-6
-6
-6
-6
-6
-6
-6
-6
-6
-6
-6
-6
-6
-6
-6
-6
-6
-6
-6
-6
-6
-7
-7
-7
-6
-7
-7
-6
-7
-7
-6
-6
-6
-6
-7
-7
-7
-7
-6
-6
-7
-6
-6
-6
-6
-6
-6
-7
-6
-7
-6
-7
-6
-7
-7
-7
-6
-7
-7
-6
-7
-6
-7
-6
-6
-6
-7
-6
-6
-7
-6
-7
-7
-7
-7
-6
-7
-7
-7
-7
-6
-6
-6
-7
-6
-6
-7
-6
-7
-7
-6
-6
-6
-7
-7
-6
-6
-6
-7
-6
-7
-6
-6
-6
-7
-6
-6
-6
-7
-7
-6
-7
-6
-6
-7
-7
-6
-6
-6
-7
-6
-7
-7
-7
-7
-7
-7
-7
-7
-7
-7
-7
-7
-7
-6
-7
-7
-7
-7
-7
-6
-7
-6
-6
-6
-7
-7
-6
