-296
-296
-296
-296
-296
-297
-297
-297
-296
-297
-297
-296
-296
-296
-296
-296
-297
-296
-296
-296
-296
-296
-295
-287
-269
-258
-246
-236
-212
-198
-183
-169
-158
-145
-132
-98
-64
-32
-1
27
39
36
36
36
36
36
35
35
35
35
28
23
22
22
22
22
22
22
22
22
22
21
22
22
22
22
22
22
22
22
21
22
22
22
22
22
22
22
22
22
22
22
22
22
22
22
22
22
22
22
22
22
22
22
22
22
22
22
22
22
22
22
22
22
22
22
22
22
22
22
22
22
22
22
22
22
22
21
22
22
22
22
21
22
22
22
22
22
22
22
21
21
22
22
22
22
21
21
22
22
21
22
22
21
22
21
21
22
21
21
22
22
22
22
22
22
22
22
22
22
22
22
22
22
22
22
22
21
22
22
22
22
22
22
22
22
22
22
22
22
21
22
22
22
22
22
22
22
22
21
22
22
21
