-251
-298
-291
-270
-241
-207
-180
-159
-132
-101
-75
-46
-18
6
27
40
38
35
33
33
33
33
33
34
34
33
34
33
34
34
34
34
34
34
34
34
34
34
35
34
34
35
35
35
34
35
35
35
35
35
35
35
36
35
34
35
36
36
36
35
35
35
34
35
36
36
36
36
36
36
36
36
36
36
35
35
36
35
36
36
36
36
35
35
36
36
36
36
36
35
34
31
30
32
31
32
31
32
32
32
32
32
32
30
33
32
33
32
33
32
32
32
32
32
32
32
33
32
32
33
32
33
32
32
32
32
32
33
32
33
32
33
33
33
33
32
31
33
33
33
32
33
32
32
33
33
33
33
32
33
33
33
32
33
32
32
32
33
33
33
33
33
33
33
32
32
33
32
32
32
32
33
33
32
30
24
23
24
23
24
24
24
24
25
25
24
24
24
24
24
24
24
24
24
24
23
24
24
24
24
24
24
24
24
23
24
24
24
24
24
24
24
24
24
23
23
24
23
24
24
24
24
24
14
9
9
8
0
0
1
0
0
0
0
0
1
1
0
-4
1
0
0
0
0
0
1
1
0
-4
2
1
-1
0
0
-1
-3
-3
1
0
0
0
0
0
1
1
0
-4
2
1
-1
0
0
-1
-3
-3
1
0
0
0
0
0
1
1
0
-4
2
1
-1
0
0
-1
-3
-3
2
1
-1
0
0
-1
2
1
-1
0
0
-1
2
1
-1
0
0
-1
2
1
-1
0
0
-1
2
1
-1
0
0
-1
2
1
-1
0
0
-1
1
2
1
-1
0
0
-1

2
1
-1
0
0
-1
2
1
-1
0
0
-1
2
1
-1
0
0
-1
2
1
-1
0
0
-1
2
1
-1
0
0
-1
2
1
-1
0
0
-1
2
1
-1
0
0
-1
2
1
-1
0
0
-1
2
1
-1
0
0
-1
2
1
-1
0
0
-1
2
1
-1
0
0
-1
2
1
-1
0
0
-1
2
1
-1
0
0
-1



