-248
-248
-248
-248
-248
-248
-248
-248
-248
-248
-249
-248
-248
-248
-248
-249
-248
-248
-249
-249
-249
-249
-249
-249
-249
-248
-249
-249
-249
-249
-249
-249
-249
-249
-249
-249
-249
-239
-228
-218
-203
-184
-171
-158
-146
-136
-125
-114
-101
-72
-43
-15
3
2
2
2
1
1
1
1
1
0
1
1
1
1
1
1
1
1
1
1
1
1
1
1
1
1
1
1
1
1
1
1
1
1
1
1
1
1
1
1
1
1
1
1
1
1
0
1
1
1
1
1
1
1
1
1
1
1
1
1
1
1
1
1
0
1
1
1
1
1
1
1
1
1
1
1
1
1
1
1
1
1
1
1
1
1
1
1
1
1
0
1
1
1
1
1
1
1
1
1
1
1
1
1
0
1
1
0
0
1
1
1
1
1
0
1
1
1
1
1
1
0
1
1
1
0
