187
187
186
186
187
187
187
187
187
187
187
187
187
187
188
187
187
187
187
185
187
188
187
186
187
187
187
187
187
187
187
187
187
186
187
182
168
158
142
124
96
77
56
41
21
4
-3
-6
-6
-4
-4
-7
-3
-3
-2
-5
-4
-2
-2
3
10
11
16
27
40
71
106
123
126
127
127
125
126
124
119
113
107
84
69
49
32
13
1
1
-3
-5
-2
1
0
2
2
3
1
1
3
2
1
1
1
-2
1
 -1
0
2
2
3
3
2
1
0
0
-1
1
1
2
3
2
0
1
2
1
1
0
1
1
0
3
3
2
-1
2
1
1
1
1
2
2
2
2
2
0
2
-1
1
-1
2
1
1
2
2
1
2
1
1
1
1
2
2
0
2
1
2
1
1
1
 -1
0
1
1
1
0
 -1
1
2
1
1
1
2
2
2
2
-1
0
1
1
1
1
1
1
-2
6
16
16
16
17
17
17
14
17
16
14
16
16
16
16
17
16
17
17
17
17
16
17
16
16
17
17
17
15
17
17
17
17
13
14
16
17
17
17
17
17
17
16
16
16
14
16
16
17
17
17
16
17
15
16
16
16
16
17
17
17
16
17
17
16
17
16
14
15
15
17
17
17
17
16
16
16
17
16
17
17
14
17
16
16
16
17
16
17
17
16
14
16
17
16
16
16
17
17
17
16
16
17
16
17
17
17
16
16
17
16
17
16
17
16
17
16
17
17
16
16
16
17
16
17
16
17
17
16
16
16
17
14
17
17
16
16
17
16
17
17
16
17
17
17
16
17
17
17
17
16
17
16
17
16
17
16
16
17
17
17
17
17
16
14
17
16
16
17
17
