-12
-8
-9
-6
-13
-12
-14
-17
-18
-21
-26
-36
-56
-69
-95
-111
-110
-109
-109
-108
-108
-109
-110
-109
-107
-109
-109
-110
-110
-108
-109
-110
-108
-109
-110
-108
-107
-109
-108
-110
-109
-109
-109
-107
-110
-108
-108
-102
-92
-78
-78
-77
-78
-78
-77
-78
-78
-77
-78
-79
-75
-76
-75
-75
-71
-66
-51
-52
-52
-52
-46
-42
-39
-39
-39
-37
-28
-19
-9
7
21
20
22
25
30
44
53
53
54
53
54
53
53
54
73
96
93
98
102
105
105
104
103
103
105
105
103
103
106
103
104
105
105
103
95
81
72
71
73
64
-25
-50
-58
-60
-55
-50
-50
-50
-38
-27
-12
5
21
37
53
51
51
53
51
50
53
50
52
53
52
52
50
52
60
63
64
64
65
64
65
63
63
64
63
63
63
64
64
64
67
67
67
66
68
67
68
67
67
66
68
68
67
68
69
68
67
66
67
66
66
69
67
67
68
68
69
67
67
67
66
50
2
-21
-27
-25
-26
-26
-27
-26
-26
-26
-27
-26
-26
-27
-25
-25
-26
-25
-25
-26
-26
-27
-25
-27
-27
-26
-26
-26
-27
-26
-23
-25
-23
-25
-17
-7
7
21
30
28
29
31
30
29
29
32
31
31
30
29
31
31
31
32
30
29
29
29
32
30
31
33
35
34
35
35
35
35
35
33
36
32
34
32
32
33
33
32
32
33
33
32
33
34
33
33
33
33
33
33
33
33
33
32
34
32
33
32
33
33
33
33
33
32
33
33
33
32
33
33
33
33
32
32
33
32
32
32
33
32
33
33
33
32
32
33
33
33
33
33
33
32
33
33
33
32
32
32
32
32
33
32
33
33
33
33
33
33
33
32
32
33
33
33
31
-61
-92
-107
-118
-118
-118
-117
-119
-112
-101
-82
-64
-46
-30
-30
-31
-32
-31
-32
-32
-33
-32
-32
-32
-32
-32
-30
-30
-30
-30
-31
-29
-32
-31
-30
-29
-31
-31
-30
-31
-29
-33
-31
-29
-31
-32
-32
-31
-31
-31
-29
-32
-30
-30
-30
-30
-27
-30
-30
-31
-33
-30
-29
-30
-32
-31
-29
-27
-27
-29
-32
-31
-29
-31
-31
-31
-30
-28
-32
-31
-29
-30
-29
-30
-30
-29
-33
-31
-29
-31
-30
-31
-30
-26
-27
-27
-28
-28
-26
-27
-27
-26
-28
-27
-26
-27
-27
-26
-27
-26
-25
-26
-26
-27
-27
-27
-27
-26
-21
-13
-14
-13
-13
-16
-15
-8
-3
-3
-3
-3
-3
-3
-4
-4
-4
-3
-4
-2
-4
-3
-3
2
4
4
3
4
3
3
5
4
