-170
-172
-168
-170
-172
-171
-171
-171
-172
-171
-170
-171
-171
-168
-170
-170
-171
-173
-168
-171
-170
-172
-172
-170
-166
-165
-157
-151
-142
-135
-117
-103
-103
-80
-58
-35
-9
13
35
72
110
129
132
132
132
129
108
94
74
54
35
17
-4
-15
-18
-19
-19
-19
-19
-16
-11
4
15
34
79
99
104
106
107
106
107
100
86
66
49
36
33
33
33
33
30
33
30
33
33
34
33
34
33
33
33
31
33
31
30
34
33
30
33
30
33
33
33
30
30
33
33
33
33
33
30
33
32
30
33
33
31
33
30
33
30
33
31
31
29
33
33
33
33
34
33
33
33
33
31
33
33
31
28
33
31
33
33
33
33
33
32
33
33
33
34
33
31
30
33
33
33
33
33
30
31
31
33
32
34
33
34
33
33
33
30
33
33
33
33
33
31
33
33
33
31
33
30
33
33
33
33
34
31
30
33
33
31
31
34
33
33
33
30
34
33
33
33
34
33
33
33
33
33
33
33
33
33
33
33
31
31
31
31
33
33
33
31
31
33
31
31
31
33
33
33
33
31
33
33
33
33
33
33
33
33
33
33
30
33
33
29
31
30
31
30
32
33
33
33
33
31
30
31
31
33
33
31
31
33
33
33
30
29
30
31
32
31
33
32
33
32
30
33
33
31
30
33
33
31
31
31
33
