180
180
179
180
180
180
180
180
180
179
179
179
180
178
180
180
180
180
180
180
178
180
180
180
180
180
180
180
180
180
180
180
180
180
180
180
180
178
180
180
180
180
180
180
180
180
179
173
157
142
122
102
84
62
45
25
5
-8
-10
-13
-15
-13
-13
-9
-1
3
11
14
26
36
76
107
120
119
121
120
115
101
76
62
42
24
9
9
8
6
6
5
6
9
8
5
9
7
7
9
8
9
8
5
6
7
7
10
9
6
6
7
8
8
6
6
7
9
7
6
6
8
6
6
6
6
7
7
6
6
6
6
5
8
8
5
6
4
7
6
6
6
6
5
6
6
6
5
6
5
6
7
8
8
4
6
6
6
5
7
6
8
7
4
5
6
6
6
6
7
4
8
5
6
6
6
7
6
7
5
4
6
9
6
6
6
6
6
5
5
8
6
5
7
8
6
9
5
6
5
6
9
4
9
6
4
5
6
5
5
6
5
6
6
8
5
6
6
6
6
6
6
4
6
5
3
6
6
6
6
6
9
9
5
9
6
6
5
9
6
9
6
9
6
8
5
6
7
6
6
6
6
5
5
6
8
4
7
9
7
6
6
5
6
4
8
8
6
6
5
8
5
5
5
8
5
9
9
5
6
6
5
8
6
6
6
5
8
7
9
5
