-231
-233
-232
-233
-232
-234
-234
-232
-233
-232
-233
-232
-234
-233
-232
-234
-230
-233
-234
-233
-234
-231
-231
-234
-235
-234
-231
-234
-233
-233
-230
-224
-220
-215
-213
-212
-211
-212
-211
-210
-210
-205
-200
-196
-188
-178
-161
-140
-120
-100
-100
-100
-100
-99
-100
-100
-99
-101
-100
-100
-100
-100
-99
-100
-100
-100
-100
-100
-100
-99
-101
-100
-100
-100
-100
-100
-100
-101
-98
-101
-100
-100
-100
-98
-97
-100
-99
-99
-100
-99
-101
-97
-100
-99
-100
-101
-99
-98
-99
-97
-97
-101
-100
-96
-93
-87
-83
-83
-83
-85
-85
-85
-84
-85
-85
-82
-83
-82
-82
-82
-81
-82
-81
-79
-80
-77
-78
-76
-76
-76
-76
-76
-76
-77
-75
-75
-74
-74
-74
-73
-72
-73
-71
-72
-72
-72
-72
-72
-72
-71
-72
-71
-72
-71
-71
-70
-72
-72
-72
-72
-72
-70
-71
-71
-71
-70
-70
-70
-71
-70
-72
-71
-71
-70
-70
-69
-68
-69
-69
-69
-68
-69
-71
-69
-70
-70
-70
-69
-70
-70
-71
-73
-71
-71
-71
-71
-71
-71
-71
-72
-71
-72
-72
-71
-71
-71
-72
-70
-71
-72
-71
-71
-71
-72
-72
-71
-72
-70
-70
-70
-71
-71
-71
-71
-72
-72
-72
-71
-70
-71
-71
-71
-71
-70
-71
