190
190
191
191
191
191
190
191
191
191
191
191
191
191
191
191
191
191
191
191
191
191
191
191
191
191
191
191
191
191
191
191
190
189
190
190
190
190
190
190
189
190
190
190
189
190
190
190
190
190
190
189
184
181
181
180
180
181
180
180
181
180
181
181
180
181
181
181
181
180
180
180
180
180
181
181
181
181
180
181
181
181
181
181
179
173
173
172
172
171
172
171
172
170
169
169
169
170
169
169
169
169
170
170
169
169
170
169
169
170
170
170
170
170
169
169
169
169
170
170
170
170
169
169
170
170
170
169
170
169
169
170
170
170
169
170
170
170
170
170
169
170
170
170
169
169
170
170
169
169
169
169
169
169
169
167
157
153
154
153
154
153
153
153
154
153
153
153
153
153
154
154
153
153
154
154
153
153
153
152
153
153
153
153
153
153
147
136
133
133
132
132
134
133
133
132
132
132
132
132
134
133
133
132
132
134
133
132
132
132
134
133
134
134
134
134
134
132
132
132
134
132
132
134
132
132
132
132
132
133
134
132
132
133
134
132
132
134
133
134
134
134
130
125
124
123
123
124
124
124
123
123
123
124
123
124
122
122
122
122
122
122
122
121
120
121
122
122
122
122
122
122
122
121
122
121
119
119
120
119
119
120
119
119
119
119
120
119
120
119
120
120
119
119
117
111
111
111
110
111
110
109
110
109
109
110
110
110
109
110
110
109
110
108
104
105
104
104
105
104
104
106
104
104
104
105
105
105
105
105
104
105
106
104
104
104
105
105
105
105
105
106
105
104
105
102
102
104
102
103
102
102
102
103
103
103
102
102
103
102
102
102
102
102
102
103
102
102
102
102
102
102
102
102
103
102
102
102
102
104
102
103
103
103
104
103
103
104
101
101
102
101
101
102
101
102
101
100
101
102
101
101
101
102
102
102
102
100
102
100
101
101
101
100
100
100
101
101
102
101
100
100
100
102
102
102
101
101
101
102
101
102
101
101
102
102
102
100
101
101
101
100
101
100
101
101
101
102
100
101
101
100
101
101
101
101
101
100
101
100
100
101
102
100
101
101
100
102
101
100
101
101
101
101
100
101
101
100
100
101
101
101
100
100
101
101
101
100
92
91
92
92
91
92
92
90
89
89
89
89
89
89
89
89
89
87
78
78
79
78
78
78
80
78
78
79
78
78
78
78
76
75
76
74
76
75
75
75
75
76
76
75
74
75
76
74
75
76
75
74
76
74
75
75
74
74
75
74
75
74
75
76
74
75
75
75
76
74
76
75
74
75
75
74
76
75
74
76
74
76
75
74
74
76
74
75
74
75
75
74
76
74
76
75
74
74
76
74
76
74
74
74
73
73
73
73
72
73
73
73
73
73
73
73
73
73
73
73
73
73
73
73
72
72
73
72
73
73
73
73
73
73
73
73
73
71
71
72
71
71
71
72
72
71
73
70
70
70
70
72
70
71
72
70
70
70
71
70
70
72
72
70
71
70
72
70
71
70
70
72
70
71
70
70
65
63
60
61
60
59
57
59
59
57
57
57
58
56
57
57
57
56
56
56
57
56
56
56
57
57
56
57
57
57
57
56
56
56
57
57
57
55
56
55
55
54
55
53
54
53
53
53
53
52
53
53
53
51
52
51
52
52
51
51
51
51
51
49
51
49
49
49
50
49
50
49
49
49
49
48
49
49
48
49
49
49
49
48
49
47
49
47
48
47
48
49
49
47
49
48
47
48
49
49
47
49
47
47
48
47
47
48
47
47
47
49
49
48
48
48
47
47
49
48
48
48
48
48
47
48
49
48
48
48
47
47
47
49
49
48
49
48
48
48
48
47
49
48
47
47
49
48
47
48
49
48
47
49
49
47
49
47
48
49
47
48
49
48
49
48
48
48
49
49
48
49
47
48
49
47
47
47
48
48
48
48
47
47
47
48
48
47
47
47
47
49
49
48
47
48
49
47
48
46
47
47
45
45
46
46
46
45
46
45
45
46
45
45
46
44
46
46
46
45
46
44
44
46
46
45
44
46
45
45
45
46
44
44
44
45
44
44
45
45
45
45
44
44
45
45
43
44
43
42
41
40
40
40
41
41
40
41
39
41
40
39
40
39
39
40
40
40
40
39
40
39
40
39
40
40
39
38
38
38
38
40
38
38
39
39
40
38
38
38
37
38
38
39
38
38
38
38
38
38
38
38
38
38
38
39
38
39
39
38
38
38
38
37
38
37
35
25
18
19
17
16
15
16
12
13
13
10
9
10
10
10
10
7
-3
-2
-4
-4
-4
-4
-3
-5
-4
-4
-5
-4
-5
-4
-4
-4
-4
-4
-4
-4
-3
-3
-4
-5
-4
-4
-3
-4
-3
-4
-4
-5
-5
-4
-4
-4
-4
-3
-3
-5
-4
-4
-3
1
0
0
1
1
0
0
0
0
1
1
0
1
0
-1
0
0
0
0
0
0
-1
0
0
1
1
0
0
-1
-1
0
-1
-1
0
0
0
1
0
-1
-1
0
0
0
1
-1
0
0
0
0
-1
0
0
-1
0
1
1
0
0
0
-1
0
-1
0
-1
1
1
-1
0
0
0
-1
-1
0
-1
-1
0
0
0
0
0
-2
0
0
0
0
-1
-1
0
-1
0
0
-1
0
0
-1
0
-1
0
0
0
0
0
0
0
-1
-1
-1
0
-1
0
0
-1
-1
-1
0
-1
-1
-1
1
0
-1
0
0
-1
0
-1
0
-1
0
-1
0
0
0
0
0
0
-1
0
0
0
0
0
0
0
-1
0
0
0
1
1
-1
0
0
-1
0
-1
0
-1
-1
0
0
-1
-2
0
0
0
0
0
-1
0
1
-1
0
0
0
0
-1
0
0
-1
0
1
1
0
0
0
-1
0
-1
0
-1
1
1
-1
0
0
0
-1
-1
0
-1
-1
0
0
0
0
0
-2
0
0
0
0
-1
-1
0
-1
0
0
-1
0
0
-1
0
-1
0
0
0
0
0
0
0
-1
-1
-1
0
-1
0
0
-1
-1
-1
0
-1
-1
-1
1
0
-1
0
0
-1
0
-1
0
-1
0
-1
0
0
0
0
0
0
-1
0
0
0
0
0
0
0
-1
0
0
0
1
1
-1
0
0
-1
0
-1
0
-1
-1
0
0
-1
-2
0
0
0
0
0
-1
