19
40
61
109
133
141
142
142
142
139
124
106
85
70
52
34
2
9
16
22
30
74
101
111
113
116
116
116
108
93
73
57
40
22
13
22
35
72
103
111
115
116
116
117
113
99
78
63
45
26
21
20
16
19
19
19
18
19
19
17
18
19
20
20
20
17
19
15
19
15
17
16
20
21
20
20
18
17
17
19
17
19
17
20
19
18
20
20
20
17
20
19
18
20
20
19
20
20
17
20
18
20
19
16
20
17
20
20
20
20
19
16
19
20
20
20
16
17
20
19
19
20
17
19
17
18
17
20
19
19
19
20
19
19
17
20
19
17
17
19
19
20
20
17
17
17
20
19
16
17
19
17
17
16
20
17
17
17
16
18
20
17
19
20
17
18
17
20
20
20
18
16
17
19
19
18
20
18
19
20
18
20
19
19
20
17
16
20
18
20
20
18
18
19
16
19
19
19
18
19
17
16
17
19
17
17
18
20
19
18
16
20
17
17
20
18
20
20
20
19
17
19
19
18
17
17
19
20
19
19
17
20
19
19
19
19
20
20
20
19
19
20
18
17
17
19
20
19
18
19
20
17
18
19
19
19
20
19
18
20
20
16
18
16
18
17
15
20
18
17
17
17
19
19
20
18
20
17
18
19
18
17
19
17
18
19
19
18
18
18
20
20
19
20
20
18
19
19
19
20
19
19
17
19
20
20
18
18
20
