116
116
116
116
116
116
115
115
115
115
115
114
113
113
113
112
113
113
112
112
120
134
140
141
142
146
148
151
151
152
155
155
155
155
157
157
150
114
113
106
98
90
72
53
31
8
-15
-38
-61
-84
-106
-145
-186
-202
-211
-214
-213
-213
-213
-208
-200
-193
-185
-182
-180
-180
-179
-178
-177
-177
-176
-177
-176
-177
-175
-170
-167
-167
-164
-155
-140
-123
-105
-85
-64
-55
-56
-56
-55
-54
-55
-55
-55
-55
-55
-55
-55
-55
-56
-56
-55
-54
-56
-55
-55
-56
-55
-56
-55
-55
-56
-56
-55
-55
-56
-55
-54
-56
-57
-56
-55
-56
-55
-59
-60
-62
-67
-66
-66
-65
-64
-66
-61
-60
-60
-61
-51
-27
-14
5
31
69
110
152
174
159
147
136
120
100
80
65
47
25
-19
-137
-163
-182
-181
-182
-181
-181
-182
-182
-166
-150
-130
-105
-76
-43
-9
32
90
158
208
231
230
219
209
198
184
161
135
109
91
64
38
10
-55
-125
-171
-184
-194
-194
-195
-194
-195
-183
-164
-139
-113
-83
-51
-19
11
38
69
109
146
182
190
185
172
155
135
113
92
74
49
25
-1
-41
-98
-162
-184
-199
-199
-198
-198
-199
-199
-198
-198
-197
-193
-199
-197
-199
-199
-195
-190
-188
-174
-158
-143
-122
-106
-105
-107
-106
-106
-106
-106
-105
-106
-106
-106
-105
-106
-106
-106
-106
-106
-106
-105
-103
-103
-103
-103
-105
-105
-103
-104
-105
-104
-104
-104
-104
-103
-100
-102
-100
-91
-91
-91
-91
-90
-91
-91
-91
-92
-90
-91
-91
-90
-90
-91
-91
-91
-91
