183
182
183
181
183
183
183
181
183
183
182
183
183
183
180
184
184
182
181
183
179
183
183
183
174
166
160
153
145
137
128
119
110
100
89
79
69
59
50
30
20
16
11
9
9
10
10
11
10
10
11
10
10
9
10
10
10
10
9
10
10
9
10
10
9
10
10
10
10
10
10
10
10
9
9
10
9
10
10
10
11
10
9
9
10
9
10
10
9
10
9
10
10
9
9
9
9
10
10
9
11
10
10
10
10
9
9
10
9
13
9
10
9
10
12
10
10
9
10
10
9
11
9
9
10
10
9
9
9
10
10
10
10
10
10
10
9
10
12
9
10
9
9
10
10
10
10
11
9
10
10
10
10
9
10
10
9
11
9
9
10
10
9
9
9
10
10
10
10
10
10
10
9
10
12
9
10
9
9
10
10
10
10
11
9
10
10
10