-234
-235
-235
-234
-235
-234
-234
-234
-234
-235
-235
-235
-235
-234
-234
-234
-235
-235
-234
-235
-235
-235
-235
-234
-234
-235
-235
-234
-235
-234
-235
-234
-234
-234
-235
-235
-235
-235
-235
-234
-234
-235
-235
-234
-235
-235
-233
-232
-230
-228
-223
-214
-206
-194
-182
-164
-152
-142
-119
-99
-79
-55
-32
-5
1
0
1
1
0
1
-1
0
0
0
0
-1
0
1
1
1
2
1
1
0
0
0
-1
0
1
1
1
1
1
0
0
0
-1
0
0
1
2
0
0
1
1
0
0
0
0
0
1
1
0
1
0
0
0
-1
0
2
0
2
1
2
1
1
0
1
0
0
0
2
2
1
0
1
0
1
0
0
0
1
2
1
1
1
0
3
2
4
2
0
1
1
1
1
1
2
0
0
1
1
1
0
0
1
1
2
1
1
2
1
2
1
1
0
1
1
2
1
1
0
1
1
1
1
1
1
1
1
1
0
1
1
1
1
-1
1
1
1
1
1
1
1
1
1
1
1
1
2
2
1
1
1
1
1
1
1
1
1
1
1
1
1
0
1
2
1
1
0
1
1
0
1
1
0
1
1
1
1
1
1
0
0
0
1
1
