131
132
123
107
94
89
89
91
92
87
86
86
88
89
95
97
99
97
97
98
98
98
101
102
104
104
104
106
107
106
104
104
104
104
104
104
104
104
103
104
104
102
97
84
57
27
13
-5
-19
-46
-102
-134
-119
-97
-76
-49
-24
-2
17
19
19
20
21
18
11
-8
-17
-38
-100
-137
-122
-101
-78
-50
-26
-2
16
18
17
17
12
4
-6
-17
-38
-92
-135
-122
-100
-76
-51
-28
-3
12
12
11
12
10
-5
-13
-20
-28
-73
-115
-106
-86
-63
-39
-15
-2
-1
-1
-2
0
0
0
0
0
0
-1
-1
-2
-2
-1
-1
-2
-2
-2
-1
-1
-1
-1
0
0
-1
-1
0
-1
0
1
-2
-1
-1
-2
-2
-2
-1
-1
-1
0
-1
-1
0
1
1
1
1
0
-1
-1
-2
