-274
-273
-274
-269
-263
-257
-252
-247
-244
-242
-242
-242
-244
-246
-249
-249
-250
-252
-259
-259
-258
-260
-259
-259
-258
-256
-258
-255
-251
-249
-244
-239
-239
-233
-233
-231
-228
-224
-223
-221
-219
-216
-214
-213
-214
-214
-213
-213
-213
-214
-214
-213
-214
-213
-213
-214
-214
-214
-213
-214
-214
-216
-217
-221
-226
-221
-214
-205
-204
-204
-206
-204
-201
-197
-195
-193
-196
-196
-197
-199
-199
-199
-201
-200
-200
-201
-200
-201
-192
-167
-139
-113
-93
-96
-103
-112
-103
-76
-47
-40
-40
-38
-45
-51
-54
-56
-41
-13
18
41
36
32
8
-16
-17
-18
-14
3
22
40
110
113
79
25
-32
-62
-54
-45
-18
-12
-13
-11
-10
-9
-11
-9
-9
-8
-10
-5
-5
-4
-3
-3
-2
-2
0
1
0
-1
0
-1
-2
-3
0
2
1
-3
-5
-1
2
2
0
-4
-7
-4
1
-2
-4
-6
